11 71 616
419 253
762 379
369 579
784 62
36 300
949 37
628 487
19 360
23 328
407 547
988 581
24 439
10 232
49 18
36 2
3 334
78 465
64 318
17 595
50 106
29 607
63 212
6 556
21 336
40 11
38 471
41 24
89 19
46 55
11 30
11 102
61 594
74 39
64 587
57 306
43 315
89 1
84 220
60 97
95 559
80 71
43 222
85 378
13 324
17 129
93 190
35 369
45 369
51 10
35 316
1 239
0 502
63 587
21 426
11 187
73 420
47 601
85 411
94 534
43 590
84 71
43 344
5 482
72 552
31 243
60 188
46 129
77 487
67 381
30 498
97 99
85 223
28 190
50 435
93 128
70 8
77 523
70 46
81 501
24 614
4 606
76 131