54 21 490
0 284
468 465
774 422
332 149
500 22
305 112
393 131
662 472
817 18
444 10
795 302
499 102
422 205
346 152
478 136
724 111
948 387
996 179
253 330
910 433
108 303
459 125
478 372
721 113
309 280
790 418
365 171
311 73
647 292
995 391
46 349
813 482
592 299
297 242
855 339
512 457
737 199
519 185
629 131
758 138
426 462
7 112
676 108
987 113
714 388
656 175
959 36
317 244
808 2
791 419
356 300
401 488
750 484
115 55
23 96
52 290
46 139
98 19
75 165
46 489
48 33
79 215
65 35
10 137
87 41
55 298
47 61
19 413
39 457
55 371
62 189
2 291
29 78
59 174
21 383