38 66 917
121 452
72 4
131 535
617 46
436 840
859 661
425 467
314 724
29 887
154 390
957 906
921 548
180 830
407 277
892 453
404 441
54 107
912 44
745 870
186 884
346 392
756 790
767 603
850 413
3 140
225 841
557 43
638 15
91 410
944 237
338 157
702 915
868 317
191 375
239 127
341 381
253 433
320 460
57 566
11 480
48 445
43 628
33 704
64 309
49 93
96 155
70 64
17 912
17 738
76 450
53 704
19 424
3 515
38 161
87 816
2 468
18 136
21 744
15 646
67 507
83 240
1 710
37 767
45 388
52 754
49 760
51 59
57 311
5 222
89 128
22 10
10 257
20 782
66 839
22 776
17 785
60 356
8 573
45 447
92 467
48 167
95 260
56 595
8 564
16 324
13 882
45 505
26 79
65 554
39 739
42 108
39 681
43 701
47 862
91 712
42 306
2 106
81 745
3 697
74 436
30 250
43 807
86 759
76 21