43 96 251
417 183
669 41
49 189
65 176
537 154
423 76
102 151
95 89
674 151
953 219
202 101
633 113
144 30
948 167
109 248
230 118
695 113
247 161
397 30
520 236
788 200
360 98
82 171
146 77
126 158
23 204
424 51
338 157
614 77
201 154
666 112
304 106
156 144
401 102
703 19
130 149
477 30
246 206
642 158
432 165
729 220
458 42
626 206
22 215
0 235
15 89
56 56
74 121
70 83
55 58
40 134
97 126
80 220
9 1
20 201
90 34
66 30
41 87
87 249
49 202
51 43
95 118
17 126
56 159
35 187
4 29
98 92
17 25
46 196
36 100
24 161
80 25
81 148
18 239
16 250
33 108
64 52
23 83
29 201
68 24
42 143
42 99
51 211
36 195
50 207
51 111
87 141
37 32
76 0
45 219
20 32
8 228
43 238
2 89
75 28
27 135
91 30
44 243
97 143
38 214
52 47
59 212
71 208
92 144
38 194
9 163
18 124
14 197
3 57
88 75
37 51
66 190
71 73
9 74
87 67
48 183
10 195
87 243
34 57
11 231
89 129
2 157
62 79
83 243
62 240
79 148
72 105
71 214
5 21
36 71
72 174
69 231
48 36
80 248
1 80
80 141
2 56
90 13
27 89