80 41 234
782 4
571 6
441 101
273 23
470 32
889 164
443 55
180 125
212 155
149 107
389 18
101 114
729 230
865 111
782 212
709 232
835 157
792 96
743 70
629 54
409 53
303 30
70 153
103 186
923 224
728 143
173 199
523 182
294 163
958 7
884 182
798 166
693 165
909 144
950 24
938 66
238 201
902 136
240 3
464 34
777 72
43 148
666 142
198 31
204 139
27 70
700 205
405 216
566 200
444 48
496 67
326 20
219 26
514 203
567 175
20 85
787 130
821 180
886 64
240 129
194 172
468 164
877 111
526 129
488 126
76 199
335 94
871 87
381 153
739 115
285 100
107 141
771 130
399 97
244 95
810 119
309 152
909 177
467 50
66 138
96 116
61 156
39 207
82 153
66 30
43 221
65 94
50 58
66 76
87 209
98 74
23 85
57 184
22 94
79 25
50 142
31 98
38 71
12 198
96 54
39 21
67 170
3 121
31 205
76 34
58 197
17 136
24 14
34 85
36 63
14 189
14 137
78 118
33 51
71 49
5 172
63 99
67 189
49 50
69 74
48 164